N = 10 
1.00  0.00  0.00  0.00  0.00  0.00  0.00  0.00  0.00  1.00  -0.00 
2.00  100.00  1.00  1.00  1.00  1.00  1.00  1.00  1.00  1.00  -6.64 
3.00  1.00  10.00  1.00  1.00  1.00  1.00  1.00  1.00  1.00  -7.07 
4.00  1.00  1.00  10.00  1.00  1.00  1.00  1.00  1.00  1.00  -6.96 
5.00  1.00  1.00  1.00  10.00  1.00  1.00  1.00  1.00  1.00  96.40 
6.00  1.00  1.00  1.00  1.00  10.00  1.00  1.00  1.00  -1.00  -4.73 
7.00  1.00  1.00  1.00  1.00  1.00  10.00  1.00  1.00  -1.00  -4.68 
9.00  1.00  1.00  1.00  1.00  1.00  1.00  10.00  1.00  -1.00  5.59 
9.00  1.00  1.00  1.00  1.00  1.00  1.00  1.00  10.00  -1.00  0.73 
0.00  0.00  0.00  0.00  0.00  0.00  0.00  0.00  0.00  1.00  1.00 

x[0] = -0.000000 
x[1] = -0.066541 
x[2] = -0.731952 
x[3] = -0.731952 
x[4] = 10.268048 
x[5] = -0.509730 
x[6] = -0.509730 
x[7] = -0.620841 
x[8] = -0.509730 
x[9] = 1.000000 
fault[0] = 1.000000 
fault[1] = 7.639325 
fault[2] = 8.071735 
fault[3] = 7.963417 
fault[4] = 3.597240 
fault[5] = 5.729988 
fault[6] = 5.679657 
fault[7] = -5.587571 
fault[8] = 0.273703 
fault[9] = 0.000000 
