N = 10 
1.00  0.00  0.00  0.00  0.00  0.00  0.00  0.00  0.00  1.00  1.00 
2.00  100.00  1.00  1.00  1.00  1.00  1.00  1.00  1.00  1.00  1.00 
3.00  1.00  10.00  1.00  1.00  1.00  1.00  1.00  1.00  1.00  1.00 
4.00  1.00  1.00  10.00  1.00  1.00  1.00  1.00  1.00  1.00  1.00 
5.00  1.00  1.00  1.00  10.00  1.00  1.00  1.00  1.00  1.00  100.00 
6.00  1.00  1.00  1.00  1.00  10.00  1.00  1.00  1.00  -1.00  1.00 
7.00  1.00  1.00  1.00  1.00  1.00  10.00  1.00  1.00  -1.00  1.00 
9.00  1.00  1.00  1.00  1.00  1.00  1.00  10.00  1.00  -1.00  0.00 
9.00  1.00  1.00  1.00  1.00  1.00  1.00  1.00  10.00  -1.00  1.00 
0.00  0.00  0.00  0.00  0.00  0.00  0.00  0.00  0.00  1.00  1.00 

x[0] = 0.000000 
x[1] = -0.066541 
x[2] = -0.731952 
x[3] = -0.731952 
x[4] = 10.268048 
x[5] = -0.509730 
x[6] = -0.509730 
x[7] = -0.620841 
x[8] = -0.509730 
x[9] = 1.000000 
fault[0] = 0.000000 
fault[1] = 0.000000 
fault[2] = -0.000000 
fault[3] = -0.000000 
fault[4] = 0.000000 
fault[5] = 0.000000 
fault[6] = -0.000000 
fault[7] = -0.000000 
fault[8] = -0.000000 
fault[9] = 0.000000 
