N = 10 
0.00  0.00  1.00  1.00  1.00  1.00  1.00  1.00  1.00  1.00  1.00 
2.00  100.00  1.00  1.00  1.00  1.00  1.00  1.00  1.00  1.00  1.00 
3.00  1.00  10.00  1.00  1.00  1.00  1.00  1.00  1.00  1.00  1.00 
4.00  1.00  1.00  10.00  1.00  1.00  1.00  1.00  1.00  1.00  1.00 
5.00  1.00  1.00  1.00  10.00  1.00  1.00  1.00  1.00  1.00  100.00 
6.00  1.00  1.00  1.00  1.00  10.00  1.00  1.00  1.00  -1.00  1.00 
7.00  1.00  1.00  1.00  1.00  1.00  10.00  1.00  1.00  -1.00  1.00 
9.00  1.00  1.00  1.00  1.00  1.00  1.00  10.00  1.00  -1.00  0.00 
9.00  1.00  1.00  1.00  1.00  1.00  1.00  1.00  10.00  -1.00  1.00 
0.00  0.00  0.00  0.00  0.00  0.00  0.00  0.00  0.00  1.00  0.00 

x[0] = 2.076528231451237400000000000000000000000000000 
x[1] = -0.041530564629024734000000000000000000000000000 
x[2] = -0.687561569969409540000000000000000000000000000 
x[3] = -0.918286929019547120000000000000000000000000000 
x[4] = 9.850987711930315500000000000000000000000000000 
x[5] = -1.379737647119821700000000000000000000000000000 
x[6] = -1.610463006169959600000000000000000000000000000 
x[7] = -2.183024835381345500000000000000000000000000000 
x[8] = -2.071913724270234300000000000000000000000000000 
x[9] = 0.000000000000000000000000000000000000000000000 
fault[0] = -0.000000000000002220446049250313100000000000000 
fault[1] = -0.000000000000000444089209850062620000000000000 
fault[2] = -0.000000000000000444089209850062620000000000000 
fault[3] = -0.000000000000000444089209850062620000000000000 
fault[4] = 0.000000000000000000000000000000000000000000000 
fault[5] = 0.000000000000002220446049250313100000000000000 
fault[6] = -0.000000000000000444089209850062620000000000000 
fault[7] = 0.000000000000001776356839400250500000000000000 
fault[8] = 0.000000000000001776356839400250500000000000000 
fault[9] = 0.000000000000000000000000000000000000000000000 
